0 65.551000
1 62.740000
2 56.158000
3 53.443000
4 52.293000
5 52.714000
6 52.551000
7 52.134000
8 50.803000
9 50.172000
10 49.651000
11 49.006000
12 48.780000
13 48.463000
14 47.679000
15 50.332000
16 58.029000
17 61.544000
18 60.783000
19 61.369000
20 62.050000
21 63.705000
22 64.289000
23 64.034000
24 63.792000
25 60.207000
26 54.694000
27 53.292000
28 52.430000
29 52.854000
30 52.782000
31 52.445000
32 51.919000
33 51.611000
34 51.847000
35 55.241000
36 56.232000
37 57.590000
38 54.616000
39 56.097000
40 61.100000
41 61.458000
42 60.342000
43 60.499000
44 61.850000
45 63.074000
46 64.100000
47 64.017000
48 63.971000
49 62.016000
50 57.083000
51 55.771000
52 54.356000
53 54.171000
54 53.283000
55 53.771000
56 55.586000
57 52.053000
58 55.148000
59 50.732000
60 50.059000
61 49.369000
62 48.603000
63 50.630000
64 58.574000
65 59.403000
66 58.792000
67 59.622000
68 61.563000
69 62.854000
70 64.336000
71 64.227000
72 63.550000
73 60.746000
74 55.367000
75 53.569000
76 53.979000
77 58.998000
78 59.247000
79 58.805000
80 57.868000
81 57.902000
82 57.722000
83 56.615000
84 56.982000
85 56.724000
86 55.846000
87 56.527000
88 59.070000
89 60.323000
90 60.795000
91 60.293000
92 61.553000
93 62.874000
94 63.861000
95 64.735000
96 63.117000
97 59.270000
98 56.029000
99 56.435000
100 55.057000
101 55.282000
102 54.728000
103 53.794000
104 52.444000
105 52.559000
106 53.819000
107 53.803000
108 52.857000
109 52.571000
110 51.831000
111 53.246000
112 56.249000
113 56.320000
114 57.878000
115 59.225000
116 61.792000
117 63.508000
118 64.469000
119 64.320000
120 64.821000
121 63.033000
122 60.910000
123 61.407000
124 61.544000
125 61.278000
126 61.190000
127 61.024000
128 60.289000
129 60.333000
130 60.408000
131 59.359000
132 60.085000
133 61.018000
134 60.607000
135 61.204000
136 63.469000
137 63.684000
138 65.314000
139 64.581000
140 65.432000
141 66.714000
142 67.410000
143 68.954000
144 67.903000
145 64.126000
146 61.853000
147 61.542000
148 61.189000
149 60.939000
150 60.589000
151 60.250000
152 59.184000
153 58.141000
154 57.618000
155 57.299000
156 53.802000
157 52.447000
158 53.556000
159 56.310000
160 59.580000
161 59.757000
162 58.599000
163 59.613000
164 61.063000
165 62.258000
166 63.385000
167 64.368000
168 63.552000
169 60.620000
170 56.275000
171 58.391000
172 58.936000
173 58.810000
174 58.272000
175 58.018000
176 57.440000
177 56.806000
178 56.048000
179 55.260000
180 54.045000
181 53.564000
182 53.272000
183 53.500000
184 56.342000
185 57.436000
186 58.181000
187 60.493000
188 62.599000
189 62.877000
190 62.021000
191 59.507000
192 57.321000
193 54.037000
194 51.660000
195 50.054000
196 52.248000
197 51.245000
198 50.796000
199 49.522000
200 47.250000
201 46.305000
202 45.517000
203 45.895000
204 45.180000
205 46.019000
206 44.008000
207 45.283000
208 51.464000
209 52.975000
210 54.740000
211 55.805000
212 56.135000
213 56.766000
214 57.615000
215 56.682000
216 55.631000
217 53.740000
218 52.428000
219 51.159000
220 51.174000
221 51.455000
222 51.582000
223 50.460000
224 49.380000
225 47.432000
226 45.085000
227 46.139000
228 44.330000
229 44.616000
230 42.990000
231 41.680000
232 43.427000
233 43.104000
234 43.881000
235 46.322000
236 43.808000
237 43.045000
238 44.875000
239 42.986000
240 39.950000
241 37.471000
242 37.184000
243 36.017000
244 35.107000
245 35.157000
246 35.338000
247 34.733000
248 34.490000
249 35.535000
250 35.564000
251 35.796000
252 35.405000
253 35.646000
254 35.853000
255 37.216000
256 39.598000
257 40.476000
258 40.553000
259 41.440000
260 42.448000
261 42.650000
262 38.561000
263 35.271000
264 34.569000
265 36.362000
266 36.766000
267 38.211000
268 39.880000
269 41.137000
270 40.042000
271 38.508000
272 40.457000
273 40.561000
274 40.728000
275 40.752000
276 39.100000
277 38.952000
278 38.018000
279 37.253000
280 38.130000
281 39.700000
282 40.838000
283 42.196000
284 42.535000
285 42.813000
286 42.961000
287 41.240000
288 40.175000
289 38.751000
290 36.636000
291 36.260000
292 36.759000
293 36.231000
294 36.154000
295 35.754000
296 37.018000
297 34.618000
298 33.747000
299 31.967000
300 32.259000
301 32.297000
302 33.278000
303 33.732000
304 34.802000
305 35.827000
306 38.987000
307 40.166000
308 42.009000
309 41.106000
310 40.289000
311 37.733000
312 36.669000
313 35.428000
314 32.224000
315 33.616000
316 34.703000
317 34.982000
318 34.379000
319 34.472000
320 34.116000
321 34.663000
322 34.594000
323 32.978000
324 35.068000
325 35.398000
326 34.250000
327 34.685000
328 35.756000
329 37.134000
330 38.697000
331 39.674000
332 40.727000
333 41.570000
334 41.567000
335 41.622000
336 40.371000
337 37.989000
338 36.825000
339 36.391000
340 35.477000
341 35.666000
342 35.206000
343 35.660000
344 35.643000
345 35.192000
346 34.588000
347 33.793000
348 33.608000
349 34.355000
350 34.175000
351 34.166000
352 35.291000
353 37.035000
354 36.687000
355 37.399000
356 38.343000
357 39.086000
358 40.329000
359 40.562000
360 40.705000
361 41.068000
362 41.696000
363 39.549000
364 39.320000
365 39.039000
366 40.032000
367 40.411000
368 44.343000
369 47.557000
370 48.450000
371 45.024000
372 43.449000
373 42.757000
374 42.690000
375 42.668000
376 46.333000
377 46.585000
378 45.979000
379 46.176000
380 46.991000
381 50.163000
382 50.290000
383 50.221000
384 50.565000
385 49.239000
386 47.376000
387 45.934000
388 46.581000
389 45.662000
390 42.715000
391 41.331000
392 40.794000
393 40.106000
394 39.316000
395 38.876000
396 38.208000
397 37.935000
398 36.439000
399 36.550000
400 39.341000
401 40.276000
402 41.155000
403 41.828000
404 41.950000
405 43.006000
406 43.255000
407 42.083000
408 42.464000
409 40.519000
410 38.481000
411 38.226000
412 37.851000
413 36.261000
414 37.637000
415 38.316000
416 38.944000
417 38.844000
418 38.959000
419 38.168000
420 37.729000
421 38.293000
422 37.614000
423 37.002000
424 39.870000
425 39.439000
426 39.565000
427 41.325000
428 41.858000
429 42.242000
430 43.637000
431 43.876000
432 44.205000
433 43.962000
434 40.685000
435 40.824000
436 42.824000
437 40.931000
438 40.516000
439 43.924000
440 45.008000
441 43.678000
442 40.445000
443 43.429000
444 41.884000
445 42.743000
446 43.277000
447 42.835000
448 44.273000
449 45.172000
450 45.973000
451 46.364000
452 46.071000
453 46.622000
454 46.367000
455 45.143000
456 43.222000
457 39.251000
458 37.863000
459 37.030000
460 36.307000
461 36.549000
462 35.936000
463 36.994000
464 35.690000
465 36.366000
466 36.157000
467 35.625000
468 37.128000
469 37.358000
470 36.189000
471 35.983000
472 36.950000
473 37.505000
474 37.054000
475 37.498000
476 37.748000
477 38.988000
478 39.714000
479 39.299000
480 39.059000
481 36.630000
482 34.385000
483 34.087000
484 34.777000
485 34.630000
486 33.826000
487 33.780000
488 32.464000
489 32.267000
490 32.728000
491 31.621000
492 32.392000
493 32.676000
494 31.443000
495 29.950000
496 30.097000
497 30.678000
498 31.108000
499 32.506000
500 32.791000
501 33.175000
502 33.467000
503 32.221000
504 32.168000
505 30.882000
506 30.377000
507 29.404000
508 29.248000
509 28.744000
510 28.454000
511 27.963000
512 27.723000
513 27.793000
514 27.520000
515 27.466000
516 27.361000
517 27.578000
518 26.248000
519 27.178000
520 27.438000
521 27.465000
522 26.994000
523 27.760000
524 28.650000
525 29.774000
526 30.300000
527 30.419000
528 29.853000
529 29.526000
530 29.514000
531 29.656000
532 29.906000
533 29.058000
534 29.002000
535 28.852000
536 28.872000
537 29.225000
538 29.259000
539 26.825000
540 25.615000
541 25.918000
542 24.335000
543 23.708000
544 22.661000
545 22.195000
546 22.909000
547 22.772000
548 24.075000
549 24.536000
550 24.410000
551 23.251000
